0.5290100574   39258719     20768257     24570130 2063890920
0.4185330868   40712140     17039378     19517142 1639439928
0.3298511505   42134126     13897990     15503330 1302279720
0.2644438744   42655553     11280000     12314982 1034458488
0.2076984644   43899188      9117794      9782336  821716224
0.1645345688   44642821      7345287      7770543  652725612
0.1358217398   43447415      5901104      6172487  518488908
0.1039127707   45521635      4730279      4903080  411858720
0.0830039978   45599052      3784904      3894734  327157656
0.0659567288   45849069      3024055      3093760  259875840
0.0524901019   45976732      2413323      2457511  206430924
0.0418121815   46018285      1924125      1952110  163977240
0.0328881400   46610652      1532938      1550648  130254432
0.0272421042   44803725      1220548      1231749  103466916
0.0207389127   46837169       971352       978433   82188372
0.0173402079   44563383       772738       777213   65285892
0.0135311372   45417336       614548       617375   51859500
0.0105338252   46386156       488624       490409   41194356
0.0082789618   46917312       388427       389554   32722536
0.0065114595   47413061       308728       309440   25992960
0.0050944513   48160765       245353       245802   20647368
0.0040742393   47853932       194968       195252   16401168
0.0031253481   49568553       154919       155098   13028232
0.0024980909   49273233       123089       123202   10348968
0.0019822650   49334318        97794        97865    8220660
0.0015229354   51015951        77694        77739    6530076
0.0011963292   51594163        61724        61752    5187168
0.0009495160   51642182        49035        49053    4120452
0.0007543211   51640729        38954        38965    3273060
0.0005999998   51574789        30945        30952    2599968
0.0004719155   52090891        24582        24587    2065308
0.0003799208   51400601        19528        19531    1640604
0.0002980271   52053009        15513        15515    1303260
0.0002369823   52003328        12324        12325    1035300
0.0001881759   52027322         9790         9791     822444
0.0001518697   51211981         7778         7778     653352
0.0001181202   52308732         6179         6179     519036
0.0000937064   52385109         4909         4909     412356
0.0000740296   52680116         3900         3900     327600
0.0000586816   52792200         3098         3098     260232
0.0000462863   53168077         2461         2461     206724
0.0000367329   53221243         1955         1955     164220
0.0000290696   53422914         1553         1553     130452
0.0000233896   52758110         1234         1234     103656
0.0000188138   52142136          981          981      82404
0.0000146892   53100013          780          780      65520
0.0000114456   54169101          620          620      52080
0.0000090231   54637469          493          493      41412
0.0000071489   54833645          392          392      32928
0.0000057060   54678853          312          312      26208
0.0000045910   54019047          248          248      20832
0.0000037510   52518813          197          197      16548
0.0000029063   54020130          157          157      13188
0.0000023670   52809626          125          125      10500
0.0000019231   51999053          100          100       8400
0.0000015333   52176693           80           80       6720
0.0000013353   47930831           64           64       5376
0.0000010187   50065776           51           51       4284
0.0000008391   48862734           41           41       3444
0.0000007008   47086818           33           33       2772
0.0000005909   45690072           27           27       2268
0.0000004963   44325072           22           22       1848
0.0000004294   41914139           18           18       1512
0.0000003398   44138590           15           15       1260
0.0000002642   45428704           12           12       1008
0.0000002168   46122633           10           10        840
0.0000001685   47468105            8            8        672
0.0000001438   48663360            7            7        588
0.0000001183   50718688            6            6        504
0.0000000957   52241705            5            5        420
0.0000000713   56108933            4            4        336
0.0000000472   63495642            3            3        252
0.0000000231   86738086            2            2        168
