1.5177588463   13683503     20768257     24570130 2063890920
1.2094628811   14088384     17039378     19517142 1639439928
0.9582810402   14503042     13897990     15503330 1302279720
0.7628841400   14785993     11280000     12314982 1034458488
0.6060810089   15043854      9117794      9782336  821716224
0.4808959961   15274170      7345287      7770543  652725612
0.3818819523   15452690      5901104      6172487  518488908
0.3033511639   15593410      4730279      4903080  411858720
0.2406225204   15729632      3784904      3894734  327157656
0.1914780140   15793221      3024055      3093760  259875840
0.1520129840   15875771      2413323      2457511  206430924
0.1222137809   15743927      1924125      1952110  163977240
0.0958477974   15993457      1532938      1550648  130254432
0.0767338276   15906254      1220548      1231749  103466916
0.0607282221   15995067       971352       978433   82188372
0.0474963903   16269412       772738       777213   65285892
0.0380514264   16150464       614548       617375   51859500
0.0299456269   16317029       488624       490409   41194356
0.0237040520   16386508       388427       389554   32722536
0.0188323212   16393530       308728       309440   25992960
0.0148438439   16528918       245353       245802   20647368
0.0119756281   16280430       194968       195252   16401168
0.0092195483   16803316       154919       155098   13028232
0.0073820613   16674071       123089       123202   10348968
0.0057577057   16984837        97794        97865    8220660
0.0045264702   17164368        77694        77739    6530076
0.0036331546   16988983        61724        61752    5187168
0.0027905187   17572030        49035        49053    4120452
0.0022356276   17424052        38954        38965    3273060
0.0018113125   17084221        30945        30952    2599968
0.0014435042   17029737        24582        24587    2065308
0.0011715086   16669240        19528        19531    1640604
0.0009252559   16766395        15513        15515    1303260
0.0006991288   17627465        12324        12325    1035300
0.0005527495   17711975         9790         9791     822444
0.0004412612   17625726         7778         7778     653352
0.0003497271   17667251         6179         6179     519036
0.0002705893   18141220         4909         4909     412356
0.0002150628   18133711         3900         3900     327600
0.0001730472   17902217         3098         3098     260232
0.0001328186   18528687         2461         2461     206724
0.0001079987   18101798         1955         1955     164220
0.0000953407   16288756         1553         1553     130452
0.0000685486   18001661         1234         1234     103656
0.0000558092   17577622          981          981      82404
0.0000436177   17882541          780          780      65520
0.0000327062   18956569          620          620      52080
0.0000251900   19571215          493          493      41412
0.0000217205   18047377          392          392      32928
0.0000156852   19891270          312          312      26208
0.0000118472   20933238          248          248      20832
0.0000089455   22022133          197          197      16548
0.0000071360   22001047          157          157      13188
0.0000054820   22802031          125          125      10500
0.0000045158   22144307          100          100       8400
0.0000038032   21034801           80           80       6720
0.0000028854   22181007           64           64       5376
0.0000025843   19734850           51           51       4284
0.0000017341   23643263           41           41       3444
0.0000014076   23444920           33           33       2772
0.0000011533   23412042           27           27       2268
0.0000011430   19247596           22           22       1848
0.0000009902   18178645           18           18       1512
0.0000008219   18251229           15           15       1260
0.0000005281   22724050           12           12       1008
0.0000004464   22401004           10           10        840
0.0000003646   21942603            8            8        672
0.0000003321   21078894            7            7        588
0.0000002795   21467957            6            6        504
0.0000002495   20042627            5            5        420
0.0000002020   19801897            4            4        336
0.0000001643   18260050            3            3        252
0.0000000791   25290898            2            2        168
