0.7454319000   27860703     20768257     24570130 2063890920
0.5893018246   28914517     17039378     19517142 1639439928
0.4679069519   29702465     13897990     15503330 1302279720
0.3715651035   30358071     11280000     12314982 1034458488
0.2954208851   30863742      9117794      9782336  821716224
0.2344565392   31328993      7345287      7770543  652725612
0.1862245798   31688102      5901104      6172487  518488908
0.1478223801   31999750      4730279      4903080  411858720
0.1173802614   32244805      3784904      3894734  327157656
0.0931019783   32481100      3024055      3093760  259875840
0.0739818414   32620482      2413323      2457511  206430924
0.0584443808   32922325      1924125      1952110  163977240
0.0462007999   33179894      1532938      1550648  130254432
0.0367539296   33208633      1220548      1231749  103466916
0.0291170627   33360232       971352       978433   82188372
0.0231185300   33425063       772738       777213   65285892
0.0183541500   33482793       614548       617375   51859500
0.0146863966   33270493       488624       490409   41194356
0.0114487126   33927538       388427       389554   32722536
0.0090522811   34105020       308728       309440   25992960
0.0071637915   34248997       245353       245802   20647368
0.0056907024   34260863       194968       195252   16401168
0.0045163384   34301898       154919       155098   13028232
0.0035741934   34438264       123089       123202   10348968
0.0027894847   35057979        97794        97865    8220660
0.0022164320   35053636        77694        77739    6530076
0.0017628545   35013441        61724        61752    5187168
0.0013941597   35171781        49035        49053    4120452
0.0011103243   35083166        38954        38965    3273060
0.0008824138   35068425        30945        30952    2599968
0.0006973280   35252416        24582        24587    2065308
0.0005553827   35161623        19528        19531    1640604
0.0004429523   35022298        15513        15515    1303260
0.0003497347   35237760        12324        12325    1035300
0.0002780377   35212078         9790         9791     822444
0.0002203114   35302528         7778         7778     653352
0.0001745315   35401730         6179         6179     519036
0.0001397110   35135543         4909         4909     412356
0.0001106635   35240954         3900         3900     327600
0.0000869171   35642335         3098         3098     260232
0.0000685520   35899112         2461         2461     206724
0.0000543058   35999286         1955         1955     164220
0.0000430643   36061948         1553         1553     130452
0.0000339237   36375402         1234         1234     103656
0.0000273436   35876443          981          981      82404
0.0000212548   36697456          780          780      65520
0.0000168642   36764043          620          620      52080
0.0000132440   37224129          493          493      41412
0.0000105257   37242067          392          392      32928
0.0000083125   37533880          312          312      26208
0.0000067077   36972514          248          248      20832
0.0000053468   36844758          197          197      16548
0.0000042748   36726452          157          157      13188
0.0000034480   36253024          125          125      10500
0.0000028015   35694590          100          100       8400
0.0000022495   35564110           80           80       6720
0.0000018305   34964040           64           64       5376
0.0000014939   34138517           51           51       4284
0.0000012352   33194156           41           41       3444
0.0000010387   31771054           33           33       2772
0.0000008756   30835392           27           27       2268
0.0000007563   29089901           22           22       1848
0.0000006468   27830901           18           18       1512
0.0000005133   29220835           15           15       1260
0.0000004002   29987907           12           12       1008
0.0000003268   30599177           10           10        840
0.0000002541   31488672            8            8        672
0.0000002197   31863408            7            7        588
0.0000001806   33228088            6            6        504
0.0000001441   34687438            5            5        420
0.0000001069   37424967            4            4        336
0.0000000706   42502666            3            3        252
0.0000000340   58764576            2            2        168
